3850.45
0 1 2 3 4 5 0
0 6 7 8 9 10 0
0 16 11 15 14 23 22 20 13 19 17 12 18 24 21 0
0 25 26 31 27 32 30 34 28 33 39 38 40 35 36 29 37 0
0 43 41 42 48 47 46 49 44 55 51 50 56 54 45 53 52 0
0 61 60 58 59 57 62 63 0
0 68 67 66 64 65 0
0 69 70 71 76 75 74 72 77 79 73 0
0 93 78 84 83 82 86 89 88 95 85 80 87 92 91 90 81 0
0 94 99 100 98 96 103 108 101 106 102 107 97 109 104 105 111 0
0 110 116 112 119 118 117 115 114 113 120 121 0
0 126 125 124 123 122 0
0 127 128 129 130 131 0
0 135 136 134 139 144 143 146 137 138 132 133 142 147 141 140 145 0
0 151 152 155 159 162 163 157 156 161 149 160 158 154 153 150 148 0
0 167 168 174 175 171 166 170 176 164 169 165 172 178 179 177 173 0
0 184 183 182 181 180 0
0 189 188 187 186 185 0
0 190 191 196 199 198 194 195 192 197 193 200 201 0
0 204 203 202 205 206 207 212 211 210 208 213 214 215 209 216 217 0
0 220 219 218 221 222 223 228 227 233 232 231 230 224 229 226 225 0
0 236 235 234 237 238 239 240 241 242 0
0 246 247 243 244 245 0
0 248 249 250 251 256 254 252 253 0
0 255 257 258 259 264 263 262 260 265 266 267 272 270 261 268 269 0
0 271 273 274 275 280 279 278 276 281 282 283 288 286 277 284 285 0
0 293 300 299 298 297 292 294 295 296 291 290 289 287 0
0 305 304 303 302 301 0
0 310 309 308 307 306 0
0 311 316 315 314 312 317 318 319 324 323 322 313 320 321 0
0 326 325 327 332 331 330 328 333 334 335 340 339 338 329 336 337 0
0 341 342 343 348 347 346 344 349 350 351 356 355 354 345 352 353 0
0 357 358 359 360 361 362 363 0
0 366 367 368 364 365 0
0 369 370 371 376 375 374 372 377 379 373 0
0 378 384 383 382 380 385 386 387 392 391 390 381 388 393 395 389 0
0 394 400 399 398 396 401 402 403 408 407 406 397 404 409 411 405 0
0 410 416 415 414 419 418 417 412 413 420 0
0 0
0 0
0 0
