2940.09
0 1 5 4 3 2 0
0 10 9 8 7 6 0
0 16 15 14 19 12 24 22 11 18 17 13 23 20 21 0
0 25 26 27 32 31 30 33 28 39 35 34 40 37 36 29 38 0
0 55 54 56 51 44 42 41 43 48 47 46 49 50 45 52 53 0
0 57 59 58 60 61 62 63 0
0 67 68 64 65 66 0
0 69 70 71 76 75 74 79 77 72 73 0
0 89 93 95 88 91 92 87 82 84 78 83 80 81 90 85 86 0
0 103 94 99 100 98 102 96 101 107 108 111 104 109 97 105 106 0
0 110 115 116 114 112 119 117 118 113 121 120 0
0 126 125 124 123 122 0
0 131 130 129 128 127 0
0 136 135 134 137 132 138 139 144 143 142 147 146 140 133 145 141 0
0 150 151 152 153 148 154 155 160 163 156 149 159 158 161 162 157 0
0 166 167 168 175 179 178 177 165 174 176 164 170 171 169 172 173 0
0 184 183 182 181 180 0
0 185 186 187 188 189 0
0 201 200 193 199 198 192 197 195 191 196 194 190 0
0 204 203 202 205 206 207 212 211 210 208 213 215 214 209 216 217 0
0 220 219 218 221 228 227 223 222 226 230 229 224 231 225 232 233 0
0 235 236 234 237 239 238 240 242 241 0
0 246 247 243 244 245 0
0 248 249 250 256 251 254 252 253 0
0 269 268 270 261 272 267 266 265 260 262 263 264 259 258 257 255 0
0 271 273 274 275 280 279 278 276 281 282 283 288 286 277 284 285 0
0 293 300 299 298 297 289 287 290 291 296 294 295 292 0
0 301 302 303 304 305 0
0 306 307 308 309 310 0
0 311 316 315 314 312 317 318 319 324 323 322 313 320 321 0
0 325 326 327 332 331 330 328 333 334 335 340 339 338 329 336 337 0
0 341 342 343 348 347 346 349 344 350 351 356 355 354 345 352 353 0
0 359 358 357 360 0
