15767.8
0 250 208 218 22 92 230 189 220 198 0
0 86 247 111 110 258 219 166 31 54 217 0
0 184 91 236 257 117 41 171 39 89 142 0
0 210 50 259 156 152 4 100 70 221 207 204 9 122 0
0 109 240 129 211 209 141 8 255 153 125 0
0 65 229 187 120 37 222 175 249 0
0 14 107 192 179 128 162 84 130 170 203 237 0
0 232 108 149 83 183 224 15 0
0 63 143 59 24 66 194 248 58 251 11 0
0 254 113 238 148 27 18 72 7 98 16 233 43 235 177 190 0
0 5 90 19 76 87 246 169 52 103 42 10 193 0
0 106 167 29 20 78 47 243 6 44 139 71 12 185 0
0 75 181 159 227 93 28 115 145 173 260 101 241 0
0 176 51 134 23 188 154 33 261 191 74 118 62 131 0
0 253 151 140 172 21 155 234 49 73 215 69 0
0 205 99 95 182 48 56 13 82 0
0 34 161 97 147 226 80 150 206 96 112 0
0 244 256 199 174 245 32 55 57 64 157 116 0
0 138 186 81 144 200 85 67 136 3 0
0 231 202 242 168 94 160 104 213 133 163 0
0 105 196 77 164 1 228 137 102 38 214 0
0 124 61 180 212 178 132 135 123 197 26 0
0 40 158 60 45 88 239 35 53 0
0 17 127 126 25 252 30 195 36 121 114 223 0
0 79 68 119 46 216 165 201 146 225 2 0
