2355.02
0 2 1 60 3 0
0 5 6 4 61 0
0 8 7 9 62 0
0 12 13 10 11 0
0 14 63 18 17 16 15 0
0 23 22 21 20 19 64 0
0 25 24 26 28 27 65 0
0 30 29 140 33 32 31 34 0
0 36 35 37 66 41 40 39 38 0
0 48 47 46 45 44 43 67 42 0
0 50 49 51 54 55 53 52 68 0
0 72 71 70 69 58 57 56 59 96 0
0 82 81 80 75 76 74 73 77 78 79 0
0 92 91 90 87 83 84 85 86 88 89 0
0 104 103 99 252 94 93 95 98 101 100 102 97 0
0 116 115 114 113 112 111 110 109 108 105 107 106 0
0 127 126 124 123 122 121 119 118 117 125 128 120 0
0 138 139 141 137 136 130 129 131 132 135 134 133 0
0 142 143 144 145 146 147 149 148 150 151 152 154 155 153 0
0 169 168 167 156 157 158 159 160 161 162 166 165 164 163 0
0 170 171 172 175 173 174 176 177 180 183 182 181 179 178 0
0 198 197 196 195 194 184 185 186 193 192 191 188 187 190 189 0
0 199 200 201 202 204 203 211 212 213 214 210 207 206 205 209 208 0
0 229 230 228 227 226 222 223 221 218 217 216 215 219 220 225 224 0
0 246 245 244 243 242 241 239 238 240 237 236 232 231 233 234 235 0
0 265 264 263 262 260 259 261 247 248 249 250 258 257 255 256 253 254 251 0
0 266 267 268 269 270 272 271 273 274 277 275 276 278 283 284 282 281 279 280 0
0 303 302 300 301 299 298 297 292 293 295 294 296 291 290 289 286 287 288 285 0
0 304 305 306 307 308 310 309 320 322 321 319 317 313 311 312 314 315 316 318 0
0 323 324 325 327 329 328 326 330 331 332 334 336 335 333 341 340 339 338 337 342 343 0
0 344 345 346 347 348 349 350 352 353 351 354 364 361 357 356 355 360 358 359 362 363 0
0 384 385 366 368 367 365 378 380 382 383 381 379 369 370 372 371 374 373 376 375 377 0
0 386 387 388 389 391 392 390 393 394 395 396 0
0 0
