2039.43
0 65 1 3 4 2 0
0 5 135 9 10 7 8 12 6 0
0 14 20 90 13 19 18 17 11 16 15 0
0 25 31 26 27 104 28 21 29 22 30 24 23 0
0 44 45 35 36 46 34 43 33 42 40 39 38 41 32 37 0
0 55 54 57 60 61 50 53 52 62 51 58 48 56 47 59 49 0
0 64 76 75 63 74 73 85 72 71 82 66 77 78 68 81 79 67 80 70 69 0
0 103 102 89 88 101 87 100 99 86 96 91 105 106 92 107 93 94 95 84 97 98 83 0
0 119 120 121 122 134 118 117 116 130 115 123 108 109 114 129 128 125 127 112 113 124 110 111 126 0
0 152 136 138 153 154 137 155 156 158 132 131 133 151 149 147 162 144 146 145 148 150 143 142 141 140 139 159 157 0
0 187 188 169 174 189 170 190 171 173 175 172 186 185 168 167 166 165 176 177 178 179 160 180 161 181 182 184 163 183 164 0
0 208 207 206 205 204 203 202 211 191 209 210 192 195 200 221 201 220 219 218 214 215 194 193 212 213 216 199 217 196 197 198 0
0 244 245 227 226 225 243 224 242 241 223 229 246 228 222 239 240 247 230 231 238 255 237 249 248 251 254 236 253 232 234 233 250 252 235 0
0 279 263 280 264 262 278 277 281 265 266 283 267 282 268 284 269 276 258 274 256 272 273 288 271 286 270 285 287 290 257 259 260 261 275 289 0
0 294 295 321 308 309 297 298 311 323 296 310 322 299 326 314 313 312 325 324 300 327 301 315 316 303 293 320 307 292 319 305 304 302 306 291 318 317 0
0 331 343 362 353 332 342 361 344 333 334 355 354 363 364 346 335 356 366 341 352 330 351 350 349 337 345 336 357 347 365 339 328 358 360 359 329 348 338 340 0
0 369 398 397 393 395 392 376 381 384 378 389 394 391 383 388 373 396 379 390 371 372 382 386 385 374 380 367 387 368 375 377 370 0
0 399 0
