2556.33
0 2 65 4 3 1 0
0 135 9 5 10 6 8 12 7 0
0 19 90 20 14 15 16 18 11 17 13 0
0 26 25 104 27 24 29 21 28 31 23 30 22 0
0 36 45 35 44 43 34 33 42 41 32 40 46 37 38 39 0
0 54 55 52 53 51 57 49 61 62 60 47 56 59 48 58 50 0
0 63 76 72 74 75 64 73 85 70 79 80 67 66 77 78 71 81 82 69 68 0
0 93 106 105 91 107 92 94 103 89 102 88 87 86 101 100 98 84 95 97 83 96 99 0
0 119 120 121 122 116 134 117 123 108 124 109 127 110 126 112 114 129 111 125 113 128 130 118 115 0
0 151 133 150 149 132 148 131 147 153 136 152 154 155 137 141 159 146 162 158 157 140 139 156 138 143 142 144 145 0
0 189 230 170 190 172 171 173 174 188 187 169 168 185 176 175 183 166 186 184 167 165 179 164 163 178 177 160 161 180 181 182 0
0 208 227 207 205 206 204 203 209 210 191 211 212 192 213 215 194 193 214 196 217 195 216 218 219 220 197 201 221 202 198 199 200 0
0 251 249 250 229 228 248 226 224 247 246 225 245 223 222 243 244 242 241 254 252 231 235 256 255 253 232 233 234 257 258 236 237 259 238 239 240 0
0 293 273 274 294 295 276 275 277 278 279 310 291 272 292 290 267 268 270 271 269 289 285 288 266 287 264 283 260 280 281 261 262 263 284 286 265 282 0
0 309 328 311 329 308 326 327 307 325 324 323 312 330 313 314 297 331 318 334 315 333 332 296 316 317 298 299 305 306 320 319 301 302 321 303 322 304 300 0
0 361 362 346 345 344 343 360 366 347 363 348 364 365 350 367 340 359 349 336 352 341 354 353 355 356 358 357 372 339 370 338 368 351 335 369 371 374 342 337 0
0 379 392 393 404 377 390 376 381 406 378 405 380 407 394 395 410 397 409 373 375 391 415 414 389 402 387 413 400 388 403 401 399 398 384 412 386 408 382 396 383 411 385 0
0 417 424 425 436 456 429 457 458 426 437 447 439 444 427 446 453 423 443 433 451 434 452 435 459 448 418 430 431 432 450 442 449 420 428 455 440 438 419 441 421 422 454 416 445 0
0 460 468 462 477 479 474 480 478 470 466 476 461 467 482 481 475 472 465 471 469 464 473 463 483 0
