2200.8
0 4 5 1 2 3 0
0 10 9 8 7 6 0
0 16 11 15 17 14 12 23 24 19 18 20 21 13 22 0
0 27 32 26 25 31 30 38 28 33 34 39 35 40 29 36 37 0
0 53 52 43 42 45 56 51 50 46 47 48 41 44 49 55 54 0
0 62 61 58 60 57 59 63 0
0 66 67 68 64 65 0
0 69 70 71 76 75 79 74 77 72 73 0
0 84 83 78 89 95 93 91 92 87 86 81 85 80 82 88 90 0
0 94 100 99 98 101 108 109 111 105 107 106 97 103 102 96 104 0
0 110 116 115 114 118 119 117 112 113 120 121 0
0 123 124 125 126 122 0
0 127 128 129 130 131 0
0 136 135 139 137 132 134 138 142 144 143 133 140 145 147 146 141 0
0 157 148 150 152 151 153 154 155 160 158 159 163 162 161 156 149 0
0 167 168 166 164 169 170 171 175 174 176 179 178 173 165 172 177 0
0 184 183 182 181 180 0
0 185 186 187 188 189 0
0 190 191 196 195 194 198 199 197 192 193 200 201 0
0 204 203 202 205 206 207 212 211 210 215 214 213 208 209 216 217 0
0 220 219 218 221 222 223 228 227 226 230 231 229 224 225 232 233 0
0 236 235 234 237 238 239 240 241 242 0
0 246 247 243 244 245 0
0 248 249 250 251 256 254 252 253 0
0 255 257 258 259 264 263 262 265 260 266 267 272 270 261 268 269 0
0 271 273 274 275 280 279 278 276 281 282 283 288 286 277 284 285 0
0 287 289 290 291 296 295 294 292 299 298 297 293 300 0
0 0
