2792.09
0 1 60 2 3 0
0 61 4 6 5 0
0 7 8 62 9 0
0 10 13 12 11 0
0 14 63 15 16 17 18 0
0 23 21 22 20 19 64 0
0 25 24 28 27 26 65 0
0 32 31 140 34 33 29 30 0
0 35 38 41 40 66 37 36 39 0
0 48 47 45 46 44 43 42 67 0
0 52 53 55 54 51 50 49 68 0
0 71 72 70 69 57 56 59 96 58 0
0 73 74 75 80 82 81 78 79 77 76 0
0 91 92 90 89 87 83 84 86 88 85 0
0 93 94 95 252 103 104 101 102 99 100 98 97 0
0 107 106 105 108 109 110 111 116 115 113 112 114 0
0 128 127 126 125 124 123 122 121 120 117 118 119 0
0 129 130 131 132 133 134 136 135 137 138 141 139 0
0 142 143 144 145 146 147 148 149 153 154 155 152 151 150 0
0 157 156 158 159 160 161 162 163 164 165 166 167 169 168 0
0 170 171 172 173 175 174 176 177 183 182 180 181 178 179 0
0 197 198 195 196 194 193 192 184 185 186 190 191 189 187 188 0
0 199 200 201 202 203 204 211 212 214 213 210 209 208 207 206 205 0
0 217 215 216 218 227 229 230 228 225 224 226 223 222 221 220 219 0
0 231 232 233 234 246 245 242 244 243 241 240 239 238 235 236 237 0
0 265 264 263 262 261 260 258 257 259 254 256 255 253 247 249 251 250 248 0
0 284 283 282 281 279 277 275 274 280 278 276 273 271 270 272 267 266 269 268 0
0 302 303 301 300 286 285 290 291 289 287 288 292 293 296 294 295 297 298 299 0
0 304 305 307 306 308 311 309 310 313 314 312 315 316 317 321 322 320 319 318 0
0 343 342 323 325 327 333 331 330 329 328 326 324 332 334 335 336 338 337 339 341 340 0
0 363 364 361 344 345 346 347 349 348 350 351 352 353 354 355 358 360 359 357 356 362 0
0 385 384 382 383 381 380 367 366 365 368 369 370 371 372 378 379 377 376 374 373 375 0
0 386 387 388 389 390 391 404 407 406 405 403 401 400 402 399 398 397 396 395 394 393 392 0
0 408 409 410 412 426 429 424 428 430 427 425 423 422 421 420 419 415 411 413 414 416 417 418 0
0 453 452 451 450 449 448 446 447 445 444 443 432 431 434 435 436 433 437 438 442 441 440 439 0
0 476 475 474 473 472 468 467 469 470 471 464 466 465 462 463 461 460 459 458 457 456 454 455 0
0 477 478 479 480 0
0 0
