1482.12
0 60 1 3 2 0
0 4 5 6 61 0
0 7 8 9 62 0
0 13 12 11 10 0
0 14 63 15 16 17 18 0
0 64 19 20 23 22 21 0
0 24 26 25 65 28 27 0
0 34 33 140 30 31 32 29 0
0 36 35 37 66 38 40 39 41 0
0 48 47 46 45 44 43 42 67 0
0 55 54 52 49 51 50 53 68 0
0 72 71 70 69 96 56 57 58 59 0
0 73 74 75 76 82 81 79 80 77 78 0
0 92 91 89 90 84 83 85 86 87 88 0
0 93 94 95 98 97 101 100 104 103 99 102 0
0 113 112 111 110 105 106 107 109 108 114 115 116 0
0 128 127 126 125 124 123 122 121 120 119 118 117 0
0 139 141 138 137 136 134 133 135 132 131 130 129 0
0 142 144 143 146 145 147 148 150 149 154 155 153 152 151 0
0 156 157 158 159 160 161 163 162 169 168 166 164 165 167 0
0 181 182 183 179 180 178 177 175 174 173 172 171 170 176 0
0 198 197 196 194 193 195 192 187 186 184 185 188 190 189 191 0
0 214 213 212 211 203 202 201 200 199 205 204 206 209 210 208 207 0
0 216 215 217 229 230 227 228 224 218 221 219 220 225 226 223 222 0
0 246 245 244 242 243 241 233 231 232 238 239 240 234 236 237 235 0
0 247 248 250 251 249 252 0
0 0
