1860.85
0 60 1 2 3 0
0 6 4 5 61 0
0 7 8 9 62 0
0 13 12 10 11 0
0 14 63 16 17 18 15 0
0 23 21 20 19 64 22 0
0 25 24 26 28 27 65 0
0 33 34 140 32 29 30 31 0
0 35 36 66 40 38 37 39 41 0
0 47 48 46 42 43 45 44 67 0
0 52 49 51 50 53 54 55 68 0
0 71 70 72 69 96 59 58 56 57 0
0 73 74 75 78 79 80 82 81 76 77 0
0 92 91 90 89 84 83 85 88 86 87 0
0 103 104 102 101 100 99 98 252 94 95 93 97 0
0 116 115 114 112 113 111 106 107 105 109 110 108 0
0 118 117 119 120 121 122 123 124 125 127 128 126 0
0 130 129 134 133 131 132 135 137 136 138 139 141 0
0 154 155 153 143 142 144 145 146 147 148 149 152 151 150 0
0 169 168 167 166 156 157 158 159 160 161 162 164 163 165 0
0 183 182 181 177 178 180 179 176 173 172 174 175 171 170 0
0 196 197 198 195 192 186 185 184 187 188 189 190 194 193 191 0
0 202 199 200 201 203 205 206 209 214 213 212 210 211 208 207 204 0
0 230 229 228 227 217 216 215 219 226 225 224 222 221 220 218 223 0
0 244 243 242 237 235 233 231 232 234 238 240 241 246 245 239 236 0
0 248 247 249 250 251 260 259 261 264 262 263 256 258 265 257 255 253 254 0
0 266 267 269 270 268 271 272 273 274 275 277 278 276 279 280 281 282 284 283 0
0 299 300 303 302 301 297 298 296 295 291 293 294 292 290 289 286 285 287 288 0
0 305 304 306 307 310 311 309 308 312 313 314 315 316 317 318 319 0
0 320 0
