1561.69
0 1 4 2 65 3 0
0 9 10 8 7 12 135 5 6 0
0 90 20 18 13 19 15 16 14 17 11 0
0 25 26 104 27 28 21 24 31 29 23 22 30 0
0 34 43 33 45 44 35 36 46 37 38 39 42 32 40 41 0
0 54 55 56 57 58 59 49 53 61 52 51 62 60 50 47 48 0
0 63 76 75 64 74 80 73 72 85 71 70 82 81 69 68 67 79 77 78 66 0
0 106 92 91 105 107 93 89 103 102 98 95 99 100 87 101 88 86 94 96 97 84 83 0
0 134 118 115 116 117 130 114 119 120 121 122 123 109 125 108 124 112 126 127 128 129 113 111 110 0
0 152 153 136 154 137 155 138 139 150 151 144 148 149 133 132 147 131 157 156 140 158 141 159 142 143 145 146 162 0
0 186 185 168 169 166 184 167 183 188 171 170 187 173 190 172 189 174 175 182 176 179 181 180 163 165 164 161 178 177 160 0
0 204 203 218 219 220 206 191 205 207 215 202 231 217 201 216 200 194 198 214 199 212 213 197 196 195 210 209 211 208 193 192 0
0 245 232 233 247 234 246 221 235 236 237 230 243 244 228 242 229 241 227 240 226 239 249 225 224 223 222 248 250 238 251 252 0
0 267 255 256 266 277 286 285 264 274 265 254 276 273 281 260 257 268 258 269 261 280 279 259 270 278 271 272 253 275 284 283 282 263 262 0
0 307 316 312 298 300 291 290 292 301 293 294 306 319 315 318 304 309 287 310 299 311 295 320 321 305 314 308 317 322 313 296 303 288 297 302 289 0
0 323 0
