1267.21
0 65 4 3 2 1 0
0 5 9 10 8 6 7 12 0
0 13 17 20 90 14 15 11 16 19 18 0
0 27 104 22 30 24 25 26 21 28 29 23 31 0
0 43 34 44 35 36 45 38 37 46 42 33 41 32 40 39 0
0 53 62 52 51 54 55 60 59 48 58 47 57 56 50 49 61 0
0 74 77 78 66 68 80 67 79 81 82 69 63 75 64 76 85 72 73 71 70 0
0 107 93 106 91 105 92 94 95 101 102 89 103 88 100 99 87 86 83 98 97 96 84 0
0 134 118 120 119 121 122 108 123 124 125 116 117 115 129 128 110 109 111 113 130 114 112 126 127 0
0 135 151 150 152 132 149 133 148 163 147 131 146 145 144 139 138 137 136 153 143 157 142 155 156 141 140 154 0
0 164 177 178 162 175 181 180 169 168 167 165 179 166 160 176 161 173 174 159 172 184 182 170 185 183 171 158 0
0 198 209 188 199 187 186 208 196 207 212 211 192 191 189 200 210 201 190 202 203 214 193 194 195 197 206 205 204 213 0
0 219 231 218 225 232 239 216 226 224 244 238 235 241 237 242 223 215 222 233 230 228 240 229 227 220 221 234 245 236 243 217 0
0 249 252 253 254 250 247 246 251 248 255 0
