1579.28
0 1 2 3 4 5 0
0 6 7 8 9 10 0
0 16 11 15 14 23 22 20 21 13 24 17 12 18 19 0
0 27 26 31 35 33 32 25 30 28 34 39 36 38 40 29 37 0
0 42 48 41 43 46 51 56 53 52 54 45 49 50 55 44 47 0
0 58 57 59 60 61 62 63 0
0 68 67 66 65 64 0
0 69 70 71 75 77 74 76 79 73 72 0
0 82 83 78 84 80 87 93 89 95 81 88 90 91 92 86 85 0
0 105 111 109 107 103 108 97 104 106 102 101 96 98 99 100 94 0
0 117 116 115 110 114 112 118 119 120 113 121 0
0 122 123 124 125 126 0
0 131 130 129 128 127 0
0 136 135 134 132 137 138 139 144 143 146 147 145 140 133 142 141 0
0 152 151 150 148 153 154 155 160 159 149 156 158 162 163 161 157 0
0 168 166 167 164 169 170 171 176 175 174 179 178 177 165 172 173 0
0 184 183 182 181 180 0
0 185 186 187 188 189 0
0 201 200 193 199 198 197 192 194 195 191 196 190 0
0 204 203 202 205 206 212 207 211 215 213 208 210 214 209 216 217 0
0 220 219 218 221 222 223 228 227 226 224 229 230 231 225 232 233 0
0 235 236 239 238 237 234 240 0
